5416063600809243|10|31|184
5395720529751930|09|28|929
5416063600841980|01|35|889
5372939901152775|04|34|579
4154642157894630|07|32|937
4154643820456971|11|32|438
5416063600861798|09|27|871
4548581442038196|03|33|517
5416063600823079|12|35|602
5168404210093739|08|28|495
5416063600883057|05|34|749
5416063600835610|06|32|550
4677853510319102|01|26|457
4040580120054056|12|28|456
5416063600067941|09|35|429
4154643852160749|03|32|522
4040580120054452|12|28|122
4154644400673456|11|27|343
5196032164719821|01|28|590
4557311280281288|02|27|681
5356668034174311|09|26|844
5147506026725944|06|26|133
4509351002805633|06|27|799
5416063600082965|12|31|781
4154644400672375|09|28|667
4154648406253197|09|27|824
4548581448615740|02|25|834
5518277067912582|08|27|149
4548581445802697|08|31|679
5205812305579070|12|26|392
4031632052575003|06|30|852
5416063600824069|12|27|158
4548581441492873|02|26|731
4169738829805435|03|26|399
4154649523486710|07|30|922
5416063600931260|05|27|929
5175468051698014|04|30|193
4154645492603871|02|28|682
4154649705318426|03|30|513
4154646029417538|06|28|379
5416063600170562|12|25|654
4040580120050161|12|28|300
4548581443208715|11|26|104
5416063600062314|12|32|715
4548581440283497|01|26|940
5185819665648142|10|26|204
4040580120050468|12|28|945
5416063600895341|10|31|145
5416063600867092|02|30|600
5416063600897420|11|25|237
5416063600809128|02|35|212
5416063600982743|02|26|548
5220940259415248|07|28|722
4548581444398176|07|25|458
4859538556072018|08|27|135
4283322095895379|07|27|495
5416063600863109|11|35|251
4430400066739420|01|26|528
4548581447248196|09|32|518
4154649683074512|06|27|468
5521018539261470|05|27|794
4147099464300852|05|29|640
5416063600290436|10|30|257
4548581448625491|12|28|427
4763669536859268|02|27|374
5416063600864107|11|30|918
4154642178604539|11|35|116
4548581446029381|01|31|507
